100
56 76 70 4 55 40 74 0 91 28 20 15 17 19 8 97 91 35 63 16 55 81 85 99 34 60 2 22 15 98 52 43 16 54 23 90 46 35 60 48 56 74 62 45 19 40 2 81 60 35 50 36 1 49 9 27 20 52 16 48 69 48 60 9 23 29 7 27 70 25 73 72 49 49 94 13 48 18 89 61 57 44 59 14 93 25 92 96 88 76 74 66 77 79 24 16 35 46 49 73
30 9 74 88 20 79 50 91 58 2 21 82 62 24 0 15 79 90 98 82 36 96 94 83 83 45 72 65 91 35 47 26 30 54 52 87 44 4 54 84 1 24 80 39 13 15 97 69 70 16 93 36 81 53 17 98 7 35 74 14 29 66 32 85 26 60 31 39 80 94 37 90 94 67 1 74 20 1 89 34 47 33 26 45 59 42 24 36 43 5 59 69 99 82 36 55 61 41 87 86
2 84 98 84 34 98 7 14 42 95 85 64 18 43 86 42 35 23 17 59 35 63 29 27 94 87 17 97 28 1 49 50 26 46 94 27 76 54 49 90 53 29 77 39 18 96 51 97 33 80 79 82 69 54 35 51 95 38 23 54 12 15 49 38 59 44 14 73 15 43 91 93 8 85 45 14 64 26 11 84 48 0 98 98 40 63 38 71 19 26 57 15 0 10 69 38 37 51 61 92
76 57 78 73 34 79 88 99 76 50 52 71 67 79 56 4 39 86 35 47 73 20 77 11 23 0 24 4 40 90 72 15 94 27 75 72 88 50 77 10 92 14 89 25 90 34 53 99 58 62 63 76 20 58 92 1 39 71 38 16 61 61 27 28 36 87 52 23 11 57 33 75 27 90 34 59 44 80 86 97 83 9 20 19 16 35 85 11 95 35 8 40 42 80 16 82 53 65 40 69
60 11 3 80 54 65 36 48 36 28 55 69 90 51 79 14 24 97 32 60 74 92 81 31 43 33 62 52 50 74 62 76 26 19 82 91 54 73 38 74 0 82 60 26 4 53 66 7 94 65 70 83 2 98 11 4 89 92 28 1 59 60 56 65 94 85 31 34 5 89 52 44 71 0 86 96 60 47 74 77 85 35 4 90 68 33 3 80 96 5 38 54 34 71 12 72 76 15 59 67
55 13 30 31 56 75 41 75 88 42 56 38 76 27 41 95 1 52 16 96 76 60 85 54 41 13 57 2 0 71 80 1 32 45 52 24 62 58 85 99 97 6 26 99 42 86 30 46 56 86 70 52 97 88 32 51 35 45 39 12 13 99 20 66 15 79 67 81 28 49 69 62 27 81 64 53 44 78 8 87 5 87 68 35 98 5 72 37 84 68 90 68 65 55 56 69 33 97 12 14
30 19 68 86 77 68 53 72 59 38 8 35 25 16 55 47 89 43 29 55 30 2 82 52 25 5 35 48 60 15 12 7 75 25 10 32 10 26 97 12 94 83 3 62 55 94 40 80 69 37 64 61 19 95 30 47 65 55 74 20 3 83 71 31 31 7 51 76 26 28 59 14 22 60 34 45 61 41 14 15 2 39 48 66 23 69 35 1 91 25 34 30 40 50 84 63 76 4 43 71
96 17 79 9 96 36 91 49 28 46 62 57 40 37 21 94 68 73 23 47 3 31 74 68 86 6 48 21 20 63 56 39 32 24 77 34 60 32 33 54 24 47 34 95 50 49 47 16 77 2 45 29 68 15 60 85 84 19 0 24 35 95 76 15 68 98 19 26 25 76 96 46 44 93 50 82 93 38 67 32 85 1 43 49 56 21 79 74 52 52 68 48 62 0 51 27 50 16 94 31
53 89 33 39 23 9 69 36 51 35 39 73 57 49 65 25 94 47 67 83 88 34 94 20 18 21 77 11 41 70 54 50 39 65 81 2 11 73 51 7 46 48 62 58 47 97 39 35 78 74 84 71 18 20 46 2 6 66 10 95 30 95 88 4 30 80 67 73 57 97 20 78 72 84 58 57 27 11 31 25 25 98 9 75 38 32 21 20 95 37 38 16 59 26 85 11 39 37 42 54
77 16 23 17 25 39 27 37 63 15 20 37 56 34 14 9 86 81 43 22 66 88 75 52 64 85 78 16 73 51 98 97 3 25 8 87 25 41 75 84 69 73 78 48 53 73 1 93 28 32 82 56 53 93 87 34 26 25 50 21 55 0 95 64 13 24 72 47 8 3 19 90 52 21 4 62 39 18 55 37 85 71 9 59 31 72 87 34 1 74 10 45 82 36 65 84 80 26 61 20
41 29 47 5 74 5 86 25 7 21 6 69 89 35 33 91 62 25 13 58 90 40 28 63 99 84 16 51 31 57 99 20 52 75 59 39 68 7 53 21 48 8 79 10 37 29 6 62 10 65 98 97 21 38 13 86 74 5 61 36 18 41 61 78 73 31 74 43 8 47 70 91 77 55 84 15 6 82 77 44 42 11 92 61 89 57 89 43 71 34 75 4 89 88 2 66 71 33 62 61
56 17 21 71 79 72 70 26 0 71 53 77 49 38 18 73 82 42 32 64 97 56 40 62 2 81 5 22 46 6 29 8 32 16 97 61 29 68 83 11 75 62 33 49 70 43 55 21 89 80 0 97 85 84 74 30 5 35 71 60 23 80 78 76 24 46 34 91 20 93 62 53 81 0 86 31 7 90 62 41 46 54 18 90 11 82 63 78 32 56 95 35 5 84 94 84 78 11 33 84
87 17 37 82 3 47 4 61 5 13 48 61 18 72 22 78 58 9 24 59 5 71 73 7 37 91 87 53 60 97 38 94 83 99 30 33 82 0 99 82 26 67 42 29 26 28 45 74 15 62 98 56 62 20 11 15 83 78 86 27 78 83 45 1 88 89 24 72 49 33 38 3 79 35 4 61 32 71 60 39 65 51 81 27 86 82 29 44 19 13 82 76 71 11 15 99 43 94 85 83
38 25 24 56 75 5 45 63 14 52 11 15 49 86 52 52 41 40 72 49 46 66 16 5 67 25 34 15 60 68 70 28 10 81 44 85 48 0 28 89 62 11 33 88 48 42 29 44 82 58 16 33 48 52 25 97 46 27 68 22 95 35 69 21 3 5 9 91 16 91 23 49 75 90 58 43 12 79 2 31 23 10 4 34 85 13 21 36 67 45 40 10 1 49 77 35 77 20 38 74
17 71 2 2 39 42 37 81 87 85 32 71 23 52 0 32 26 76 4 7 59 96 75 52 72 25 98 48 12 39 72 37 61 20 25 86 93 78 97 13 9 99 97 69 60 35 73 94 13 62 49 28 10 89 21 60 85 57 29 59 57 72 81 58 43 52 87 70 5 67 69 90 89 17 7 87 65 77 19 81 73 42 2 46 47 78 34 15 20 90 7 83 73 8 54 48 25 69 65 71
73 36 62 14 19 48 72 61 5 36 48 10 20 0 9 80 25 49 18 60 34 24 80 17 99 94 21 15 77 55 75 29 60 32 19 98 73 10 45 34 7 28 42 81 27 3 68 14 25 45 81 70 86 68 21 78 63 30 69 25 10 99 90 95 56 43 70 56 29 64 4 18 79 56 18 0 32 39 23 68 38 67 84 82 43 55 8 56 65 0 53 36 6 20 1 92 21 65 51 4
97 27 18 66 81 54 41 60 45 26 94 17 27 30 70 27 7 17 56 17 44 86 39 72 58 98 29 92 61 24 53 51 2 34 2 83 45 23 32 88 27 56 84 12 26 6 27 58 34 73 43 50 8 7 77 36 68 27 56 80 21 98 23 80 68 7 35 81 41 51 26 29 90 22 3 14 79 99 67 14 59 2 76 96 52 87 86 29 53 6 39 7 5 33 99 95 75 42 4 69
82 10 80 66 26 67 57 72 36 26 41 1 19 66 96 5 39 16 11 17 76 46 66 36 14 89 47 57 53 97 51 42 67 22 19 14 82 39 78 99 28 86 27 83 97 30 12 9 78 25 22 30 97 89 87 23 95 87 38 18 62 70 96 18 2 45 60 49 57 45 51 97 30 42 34 50 53 34 76 60 97 37 83 71 36 17 89 40 17 31 62 30 21 36 0 11 72 63 47 37
42 1 30 75 19 62 12 67 14 55 73 61 43 73 88 43 89 45 95 46 16 78 39 7 50 24 27 72 43 13 42 7 96 17 37 6 38 7 53 16 47 17 23 76 92 1 98 69 94 22 62 52 26 18 17 20 0 18 39 32 47 7 62 68 93 51 44 9 24 35 12 17 84 59 71 59 69 31 39 65 48 14 2 11 81 5 25 2 3 27 71 56 53 61 98 50 17 89 6 98
94 33 66 35 22 15 36 59 97 30 62 20 58 76 64 74 11 73 17 90 82 53 99 68 85 73 4 73 9 73 16 89 95 16 89 98 92 40 15 58 62 85 61 5 34 39 84 16 40 66 46 10 31 85 41 33 46 69 9 20 26 89 60 99 56 66 26 52 53 20 28 44 79 66 83 60 71 12 67 84 59 80 88 15 13 92 48 59 41 92 76 61 74 80 44 33 55 43 98 47
54 28 52 85 65 73 50 2 70 4 89 60 19 76 71 9 88 77 70 47 37 95 82 57 47 68 96 95 96 87 22 76 61 62 44 35 52 66 73 17 20 3 14 46 49 87 12 32 12 26 73 30 48 24 5 60 30 11 79 43 78 80 50 24 31 86 34 63 25 72 26 28 98 72 38 91 1 63 37 46 51 51 97 39 4 7 2 79 91 41 66 45 89 97 45 55 87 62 73 38
93 6 21 75 71 39 80 79 73 76 86 72 63 66 8 56 74 14 23 46 2 75 99 95 65 71 35 81 13 93 37 52 96 39 97 94 13 56 77 46 31 97 52 29 6 40 7 18 80 41 87 97 76 41 83 14 17 42 62 12 32 74 21 80 59 90 41 11 67 74 38 61 78 29 20 21 65 33 2 70 92 85 88 89 5 47 5 42 97 96 99 2 94 70 46 18 47 7 74 50
68 35 73 46 7 58 60 84 0 50 32 75 17 85 52 52 24 99 38 10 84 30 52 96 34 57 40 1 60 41 73 46 62 28 93 4 34 46 41 98 36 80 92 38 67 55 84 54 1 50 70 3 67 19 90 79 76 42 81 56 64 98 71 29 27 44 72 57 44 72 59 15 99 73 10 60 84 54 34 29 18 8 74 75 90 38 13 84 78 73 55 34 55 26 72 62 59 81 22 17
4 79 11 60 36 38 38 29 92 37 10 79 83 91 68 76 18 2 86 56 4 35 0 92 35 51 10 35 78 37 77 64 52 71 57 27 91 65 61 69 9 30 88 66 97 37 34 40 90 80 80 10 77 52 5 88 67 77 42 21 27 27 90 47 4 9 20 35 68 93 45 22 43 67 90 97 64 64 14 14 52 91 48 99 26 45 53 19 85 90 74 63 24 19 58 30 76 28 71 32
0 98 54 4 31 68 6 67 41 21 6 58 52 3 61 23 52 97 84 77 48 23 39 93 89 70 20 25 78 69 17 90 9 43 90 95 41 56 27 45 60 60 49 74 56 83 90 90 50 27 89 59 54 53 71 37 4 35 98 24 1 94 57 26 38 93 43 32 56 29 57 66 87 82 79 5 64 49 90 14 42 85 82 84 59 5 54 47 96 50 66 16 53 95 3 40 71 29 65 88
37 22 49 43 55 7 21 77 7 20 74 27 20 23 35 0 61 98 10 42 32 58 32 22 73 56 95 24 9 67 74 47 17 82 63 27 96 82 70 92 5 54 14 96 63 63 2 15 58 66 38 97 3 33 26 31 12 40 63 11 85 93 71 12 54 79 93 31 28 13 80 61 8 21 35 66 10 10 30 47 98 64 90 35 11 1 87 93 26 46 6 68 2 82 93 41 89 44 28 81
5 72 24 96 3 73 65 7 96 76 79 5 67 54 62 15 26 28 18 20 20 11 63 47 85 65 92 9 29 49 56 14 42 71 36 59 55 83 12 96 9 52 23 27 15 27 10 79 5 59 37 95 62 57 79 11 47 47 48 97 78 32 46 14 71 31 28 77 52 58 77 28 20 27 81 40 55 7 38 2 18 43 45 31 34 23 99 26 12 49 23 84 8 26 3 55 4 9 80 41
16 81 15 19 99 31 76 56 14 16 29 15 11 19 24 58 55 89 41 51 41 5 32 38 42 81 5 19 56 63 13 43 34 24 2 27 41 8 30 37 71 94 55 43 16 75 67 3 13 55 66 4 7 59 97 40 10 65 1 6 56 51 70 76 82 26 73 74 80 10 71 85 1 38 41 22 27 8 82 61 64 28 24 44 60 89 32 14 84 50 74 28 7 95 43 8 17 69 74 58
91 53 98 9 19 33 61 21 51 25 43 19 58 12 6 99 35 95 71 98 92 38 39 45 23 14 44 24 31 75 23 22 30 11 0 43 58 58 57 65 84 62 99 19 37 53 2 78 64 27 46 54 47 47 9 3 44 54 95 13 63 64 26 25 36 21 96 46 44 74 6 82 95 40 91 89 13 94 80 74 50 86 55 7 11 9 84 50 17 68 15 67 11 60 41 78 67 93 76 26
38 41 59 35 43 2 53 90 75 77 14 58 7 20 27 93 56 53 8 30 2 81 52 81 6 44 19 30 24 9 34 36 74 30 31 70 30 15 58 96 59 59 65 37 23 0 10 71 7 53 41 71 34 43 57 47 12 29 27 9 83 71 2 20 53 59 18 16 73 68 92 21 74 59 69 99 93 55 19 20 8 90 69 33 61 56 81 97 18 7 34 10 56 59 96 68 26 83 88 17
65 32 12 30 68 41 30 66 54 58 72 44 38 29 95 10 68 85 70 46 43 78 97 13 84 83 39 20 4 22 44 4 63 12 49 16 52 86 91 10 11 89 70 70 82 43 2 82 62 38 78 43 5 82 70 87 77 76 37 66 62 52 54 54 26 17 45 69 3 34 47 48 2 90 55 83 1 85 50 39 42 16 29 40 92 49 55 87 87 65 43 1 87 64 91 21 11 8 42 49
56 49 26 26 11 79 21 33 91 78 32 85 48 59 78 8 36 54 87 88 17 13 99 73 75 85 79 38 38 22 74 16 2 13 85 45 87 9 33 94 55 40 58 28 35 44 17 53 75 45 54 38 75 28 81 67 72 27 25 20 83 54 4 45 30 50 33 30 41 48 48 15 8 56 14 33 28 87 44 85 11 83 89 93 73 68 23 52 25 76 32 42 44 23 8 63 71 47 55 81
47 13 0 52 80 50 76 8 41 47 2 6 73 93 1 27 88 20 77 24 7 76 15 5 27 19 91 96 68 50 95 42 91 11 47 67 50 47 67 21 90 69 87 51 95 29 73 5 35 59 83 86 84 39 43 36 58 34 69 45 47 16 73 45 22 74 7 13 17 25 0 63 24 7 79 77 78 54 16 64 21 87 59 82 48 14 71 43 15 21 73 37 49 39 87 28 53 98 52 33
94 27 54 86 42 91 87 55 39 90 94 70 7 11 49 79 69 90 50 55 57 74 0 21 90 22 58 31 15 9 87 2 43 93 38 29 56 40 48 95 14 78 5 63 93 71 29 46 59 48 84 22 64 5 37 39 82 64 91 28 28 3 76 34 30 82 92 43 94 10 31 57 94 25 82 51 93 21 30 30 26 9 8 16 76 83 8 38 51 94 53 14 47 94 26 59 34 0 80 32
63 48 28 24 22 63 30 79 96 19 86 27 75 78 22 12 33 91 7 94 67 18 79 22 15 72 62 93 73 59 42 71 37 91 77 52 58 94 78 91 78 5 18 47 14 79 4 81 22 65 19 93 3 13 89 51 77 81 68 37 29 98 59 37 98 87 41 9 28 8 31 58 53 13 60 45 89 74 84 56 77 93 7 24 34 48 23 82 31 58 61 67 71 34 32 78 66 51 88 9
92 35 66 74 89 22 90 32 79 53 61 4 5 78 31 60 85 40 5 86 24 27 15 14 8 58 78 75 52 59 81 43 36 94 65 88 40 57 44 72 93 57 96 46 0 13 68 6 56 54 69 44 59 45 16 81 99 33 47 63 24 91 15 26 8 27 36 95 15 46 15 63 0 64 97 91 88 27 69 45 87 81 77 92 48 30 72 90 69 66 18 54 60 40 50 61 20 50 51 90
20 85 33 71 7 11 64 29 73 34 82 53 54 27 54 74 46 3 57 8 68 0 92 58 19 15 64 53 96 80 1 58 68 90 89 32 65 84 34 52 94 54 59 95 37 84 32 81 73 17 67 35 28 56 46 91 26 83 91 60 91 43 56 12 8 18 47 4 81 16 60 57 43 68 30 32 45 14 28 13 39 47 85 85 26 17 83 39 2 19 46 49 57 93 67 89 62 63 39 64
73 61 2 36 7 24 60 10 82 95 53 83 3 36 79 29 91 35 27 30 33 90 30 14 94 49 78 57 1 45 59 60 98 10 86 47 40 21 0 45 36 7 60 77 84 25 0 73 18 39 88 33 90 89 58 53 16 1 5 7 6 61 9 61 36 28 6 34 84 1 86 15 5 7 73 87 80 86 65 21 79 98 34 27 98 65 55 29 31 50 36 10 75 53 88 46 8 96 42 98
13 63 57 53 2 42 39 83 76 88 73 54 48 20 16 24 7 82 11 45 29 84 41 78 85 38 75 98 43 87 17 28 38 38 47 39 8 70 11 47 32 51 72 55 91 50 4 79 36 24 41 5 60 8 68 21 73 78 9 61 71 31 81 87 95 87 95 30 13 78 39 45 0 58 41 66 41 43 0 40 22 17 50 57 87 40 88 75 64 44 18 38 87 45 47 76 57 82 69 36
57 21 24 96 87 91 49 40 13 8 80 49 73 53 4 58 84 4 46 59 56 5 85 20 42 41 62 49 55 64 4 59 34 45 95 46 6 38 43 1 4 34 70 25 50 44 20 42 30 52 60 76 3 84 25 12 56 73 72 65 62 1 95 16 15 94 47 60 63 80 27 85 26 59 35 90 95 66 42 81 95 31 7 81 97 37 65 99 17 35 27 90 89 7 23 9 56 74 93 61
4 19 79 23 79 74 78 41 92 54 45 32 1 11 29 26 80 16 27 92 44 27 0 60 16 76 33 39 12 13 88 38 3 56 63 46 41 5 68 51 86 46 92 29 67 61 49 98 87 29 27 9 18 31 99 51 47 5 29 18 25 87 5 75 81 2 39 74 33 63 52 46 12 3 37 84 52 4 67 85 5 89 13 70 96 30 26 35 89 85 89 91 2 5 84 62 99 52 74 7
28 93 61 93 98 47 29 87 57 20 10 13 86 69 8 89 21 40 41 64 70 90 22 67 84 23 14 31 38 30 65 78 52 97 97 32 77 89 78 75 12 92 49 25 75 9 43 95 47 44 17 54 25 5 72 19 73 90 21 70 2 8 43 89 9 3 2 58 84 98 22 30 3 35 56 28 9 57 51 38 50 81 10 92 52 32 28 35 70 31 63 62 39 9 19 48 79 43 7 29
97 52 93 26 52 96 88 22 64 82 32 27 30 67 2 66 9 92 84 96 79 36 13 98 67 14 48 18 15 89 46 92 58 57 6 8 94 90 68 70 15 33 99 93 32 7 20 72 51 53 95 89 71 32 18 16 80 89 50 95 82 49 25 0 93 40 85 81 77 61 13 57 50 79 18 98 97 25 29 68 44 71 88 79 65 55 50 42 91 84 36 11 83 83 1 83 16 75 7 73
42 23 77 33 16 61 3 9 16 56 93 0 50 38 64 26 9 69 30 0 29 31 50 62 79 23 10 63 90 43 2 72 78 31 20 60 55 51 36 18 48 90 31 23 82 56 47 68 83 48 53 99 45 93 49 93 43 23 95 44 26 84 64 29 55 35 52 16 25 88 12 26 89 25 47 8 18 34 65 91 91 33 22 61 44 27 94 22 35 58 6 28 90 57 24 95 89 68 37 70
67 61 28 44 29 17 44 7 99 58 83 43 24 91 32 94 36 68 83 75 11 36 27 16 62 31 24 57 3 33 23 41 33 37 21 75 11 12 1 14 38 14 75 89 91 2 11 77 88 5 36 3 43 10 89 87 60 99 90 25 3 5 72 4 84 61 77 93 64 53 68 11 28 75 0 20 99 65 53 16 80 90 97 15 23 40 4 48 89 52 7 38 70 1 67 48 10 65 11 56
87 29 4 19 86 62 39 34 27 70 54 0 10 52 66 67 27 14 64 9 5 90 30 29 38 50 2 64 24 43 91 85 39 58 29 31 37 87 40 54 74 56 42 42 22 44 1 36 73 95 64 34 1 43 29 93 78 17 31 23 36 46 17 26 22 94 55 25 16 56 67 29 38 59 16 41 89 91 38 30 97 18 67 65 26 33 16 75 65 87 54 27 58 12 32 59 69 74 19 20
82 66 79 38 35 53 33 3 25 23 87 16 88 55 70 52 52 78 27 48 34 39 41 9 80 20 2 13 10 71 75 7 92 5 88 57 78 77 85 41 19 14 68 48 35 34 77 75 22 70 69 21 44 81 93 34 57 11 38 57 47 50 44 96 54 44 99 3 36 96 52 37 76 10 26 13 77 76 59 80 78 79 99 26 65 49 32 90 22 80 38 20 91 87 17 97 20 34 5 46
81 58 29 7 95 25 70 33 5 39 53 96 54 7 49 9 55 60 50 70 59 49 66 46 64 17 58 94 10 86 88 51 87 5 10 31 54 79 39 27 32 40 72 56 82 66 68 53 5 1 35 50 85 10 50 12 15 9 61 57 61 16 20 41 26 25 48 91 33 60 35 35 91 53 15 10 34 43 24 15 19 78 3 61 34 77 67 8 98 4 94 6 47 2 59 87 90 80 34 65
27 34 13 73 33 46 6 77 74 25 19 96 87 63 72 99 61 57 19 85 50 96 67 70 12 8 85 64 3 70 35 30 85 42 38 7 37 96 5 49 46 28 82 62 91 24 39 74 94 64 73 72 62 54 68 69 35 6 87 44 63 19 93 8 78 59 62 63 8 71 44 48 79 57 80 40 17 41 69 14 90 72 7 71 11 34 23 42 65 22 84 40 81 74 96 91 36 35 48 7
90 8 11 25 24 84 70 65 4 1 9 34 6 45 70 31 19 94 22 59 94 41 75 21 31 2 20 43 87 12 17 14 68 77 15 33 76 19 80 47 94 99 46 7 73 82 92 0 91 65 95 77 95 76 73 89 21 38 70 86 10 43 4 19 19 79 5 2 72 47 74 65 80 84 5 66 74 66 77 28 35 36 99 65 9 31 99 76 11 55 38 15 52 98 51 88 12 99 74 61
46 30 16 36 93 64 11 85 13 62 64 75 74 47 1 0 98 81 27 10 56 42 87 0 92 21 40 66 79 18 70 14 19 82 70 72 94 16 76 22 12 82 73 1 51 80 99 61 73 16 30 80 67 76 68 79 99 85 20 8 19 47 88 51 14 48 50 40 10 80 12 56 46 3 80 30 58 48 64 84 98 16 80 32 55 93 65 4 31 35 35 18 90 82 53 49 27 90 19 40
30 24 49 83 18 82 29 21 62 78 15 14 57 86 98 90 74 53 65 14 21 61 37 1 96 73 82 94 41 10 29 96 95 91 47 54 36 52 73 79 75 46 10 36 85 52 88 83 61 29 90 16 58 38 14 38 87 14 38 58 66 7 12 72 54 64 63 75 42 65 36 0 24 45 21 85 89 15 17 62 66 29 54 47 8 73 70 30 7 48 20 92 69 57 24 98 59 91 71 31
24 14 5 40 40 31 37 91 23 11 81 51 58 82 46 62 87 32 27 57 20 39 65 43 67 78 82 64 15 82 42 62 86 92 16 94 58 30 99 43 7 20 50 21 91 99 5 89 11 91 23 38 16 35 65 52 19 58 51 20 6 69 60 48 63 19 2 75 12 95 7 65 4 73 53 56 3 21 63 71 58 19 27 61 90 43 14 84 96 70 96 66 62 25 18 85 73 3 75 12
50 37 81 95 45 58 65 86 39 14 71 94 4 94 32 0 60 27 83 86 43 29 3 93 18 65 73 69 92 37 32 99 54 79 33 71 37 14 45 94 54 85 19 20 8 64 95 85 74 91 79 84 97 53 8 52 74 39 97 99 43 75 22 69 40 24 52 99 90 91 15 92 8 95 16 14 6 61 68 71 99 28 84 98 59 1 77 1 8 18 73 23 71 62 50 11 21 50 22 73
99 46 62 58 21 59 48 48 41 31 94 36 81 84 0 22 43 67 76 81 41 82 6 10 60 18 1 1 19 40 77 53 45 79 83 30 76 13 60 7 40 62 58 40 49 58 18 8 38 3 37 27 27 17 34 14 43 33 95 77 17 61 70 40 65 33 64 96 69 90 77 23 89 0 7 14 10 98 29 42 31 68 70 0 93 44 34 61 45 65 22 79 97 25 16 69 73 15 82 38
42 33 51 36 34 79 29 70 9 34 84 34 18 7 48 90 8 13 9 32 32 16 79 8 98 77 9 93 7 78 93 79 31 62 18 64 49 51 86 19 71 87 96 31 93 99 56 65 65 5 45 9 39 74 81 2 28 34 84 23 25 56 57 28 16 53 51 26 61 49 54 34 89 90 24 35 55 19 87 87 13 45 71 44 83 66 27 51 89 78 38 86 90 0 68 19 82 19 29 43
21 21 42 60 47 27 54 69 25 97 45 24 2 18 32 72 23 8 80 66 5 14 24 73 80 46 93 61 32 91 94 48 0 82 43 7 0 13 62 46 17 69 76 14 25 79 39 28 77 47 25 45 99 53 48 12 43 84 4 27 65 16 14 34 85 81 0 59 82 1 4 94 4 31 40 71 58 15 84 54 25 7 60 43 92 21 94 97 65 3 98 3 37 12 48 6 77 11 61 9
34 21 24 16 98 41 61 35 13 94 31 60 19 95 32 84 76 39 97 0 38 46 6 34 31 92 76 49 16 30 67 40 76 45 30 49 85 75 53 64 75 86 73 26 54 97 39 3 33 25 76 84 68 11 41 87 22 16 38 78 49 40 70 18 69 68 12 38 2 71 31 27 25 50 82 18 46 22 73 86 75 88 56 79 58 46 18 47 77 68 0 99 78 73 4 14 9 79 66 79
76 34 82 42 31 31 0 94 95 26 51 51 4 97 31 5 68 67 34 75 21 64 74 91 56 15 44 61 35 16 99 57 89 84 50 45 99 0 35 95 21 87 99 90 65 45 21 59 73 91 71 17 62 41 22 41 5 85 90 89 81 17 36 96 79 89 78 23 16 44 84 3 67 36 15 80 14 17 17 15 90 7 64 31 11 36 71 79 63 93 41 47 65 8 66 86 87 76 12 68
56 6 31 71 68 5 36 82 44 90 38 2 66 97 87 96 30 86 6 64 35 4 41 87 18 13 83 27 76 33 6 66 12 77 10 45 95 99 59 28 58 43 73 61 48 30 49 50 40 77 0 25 46 83 67 72 64 15 41 16 82 32 2 36 69 70 47 33 36 55 50 64 69 76 0 3 75 22 92 63 47 23 18 10 41 92 58 47 76 25 93 76 55 10 8 48 24 97 47 9
33 1 48 70 45 98 24 26 2 23 9 76 23 22 11 99 20 10 19 22 61 93 70 0 15 28 16 28 16 42 16 68 85 22 72 13 14 16 0 81 94 10 87 19 76 75 89 38 47 67 19 77 45 91 43 32 72 64 71 46 57 83 69 70 97 39 52 16 56 37 15 90 59 51 5 54 27 53 75 13 76 98 16 87 19 39 58 45 20 27 41 51 62 46 51 28 91 57 6 51
84 14 87 46 82 70 30 73 18 34 44 15 98 9 58 33 98 67 8 71 89 77 10 12 30 51 90 99 86 22 11 36 66 36 46 99 40 87 12 92 62 95 17 52 69 50 26 29 29 25 24 32 10 65 19 55 90 95 5 83 63 14 78 26 37 22 76 84 61 75 66 7 4 23 73 52 68 16 60 39 18 21 6 31 60 85 35 39 9 44 63 93 86 91 2 59 75 63 6 97
17 63 87 58 40 78 6 75 99 96 34 64 63 53 12 98 89 11 45 83 87 46 38 0 70 53 59 3 61 31 65 34 90 34 86 49 28 14 15 7 64 91 9 35 88 52 42 3 82 47 49 76 7 55 29 62 14 34 13 23 25 71 35 22 99 68 15 31 59 68 75 43 79 76 29 71 60 78 94 48 78 96 98 44 42 24 13 82 51 58 64 81 4 5 50 3 53 99 25 77
70 50 53 85 94 15 66 60 29 12 30 28 66 82 38 67 79 98 97 13 18 3 9 52 92 77 3 86 52 83 71 11 41 45 96 96 4 39 91 9 62 2 31 82 25 75 73 59 9 60 58 43 74 71 28 97 66 54 32 46 23 31 23 73 13 67 44 64 23 59 19 69 13 36 34 69 11 85 2 57 88 44 1 14 32 47 53 57 75 51 53 90 61 75 37 85 8 43 91 34
26 79 42 22 61 94 57 82 45 60 77 55 23 68 95 93 31 73 64 83 74 47 32 7 3 63 46 23 7 75 95 70 29 76 59 30 65 71 24 91 99 61 18 30 11 98 29 79 14 19 1 71 40 45 28 32 87 43 45 54 45 31 46 58 54 70 69 97 95 93 22 89 31 62 52 7 3 96 65 17 79 38 62 56 12 59 9 70 4 75 99 6 36 4 74 96 39 26 50 44
93 63 23 21 38 56 88 50 5 2 67 48 1 12 47 59 90 54 92 90 72 90 58 17 85 59 49 67 16 26 97 92 27 51 7 90 35 67 64 11 1 38 68 73 69 72 52 8 90 39 31 48 51 79 73 29 1 99 57 11 51 93 10 81 91 85 9 24 63 56 87 82 54 60 59 52 92 79 54 64 55 13 1 69 14 40 32 92 7 69 43 71 4 2 37 4 16 11 67 71
16 11 23 84 95 72 34 25 75 1 88 0 82 16 19 80 93 65 93 39 98 69 9 23 75 67 70 47 31 88 65 4 27 90 3 39 90 9 26 83 8 56 8 17 25 21 48 58 36 48 53 51 48 80 68 52 34 58 65 84 0 88 11 8 17 44 82 50 49 30 38 35 7 28 36 48 92 24 80 26 17 29 59 62 29 45 85 67 59 46 3 51 1 96 19 41 31 89 72 75
5 51 4 31 22 5 75 62 83 10 4 65 18 15 99 14 28 31 14 95 33 2 8 94 11 99 86 84 95 74 91 51 23 85 68 52 40 41 85 24 79 86 88 22 48 70 50 38 58 35 66 39 83 21 49 54 58 18 22 5 15 34 54 49 8 67 62 76 49 33 9 52 55 38 11 44 21 4 86 34 86 61 69 2 1 96 90 12 44 91 37 60 73 46 30 12 67 82 7 22
72 23 39 14 10 26 68 42 8 27 68 62 20 66 6 83 39 13 40 99 26 41 54 8 38 28 0 83 70 73 0 4 65 17 65 13 39 59 3 61 8 85 33 80 33 91 35 70 54 13 14 65 31 49 80 58 97 94 10 63 52 96 3 56 25 48 46 51 6 39 68 15 28 25 51 80 14 57 23 1 62 39 53 41 46 74 18 40 24 95 98 17 3 24 41 52 98 94 75 32
56 68 77 34 8 60 75 27 13 31 72 78 72 8 78 20 43 83 97 97 54 78 66 5 34 97 32 12 28 30 84 94 56 80 88 29 86 64 69 31 2 9 7 90 3 53 83 53 45 28 63 33 96 1 22 64 70 50 78 85 32 36 60 80 45 0 11 39 68 21 82 54 68 85 66 50 72 34 15 77 65 46 15 27 91 59 12 27 9 14 58 99 66 84 62 90 77 93 35 25
30 45 7 98 65 91 71 34 74 88 51 69 20 58 20 98 91 88 43 85 12 73 30 75 83 14 37 35 55 66 6 3 8 32 97 70 6 4 1 73 37 38 19 4 80 45 29 4 72 22 49 85 73 56 10 18 90 55 75 54 57 77 46 5 27 15 33 90 98 53 60 95 79 9 48 27 86 41 75 72 92 13 69 95 18 76 19 94 50 93 86 55 85 86 25 68 48 44 93 33
51 81 11 88 51 63 83 40 90 47 93 80 21 89 39 91 20 49 44 10 20 40 88 42 35 26 23 40 99 44 26 13 71 58 30 63 84 71 17 87 73 78 77 48 30 47 77 17 11 60 79 58 53 2 4 64 99 45 99 20 72 50 85 83 40 95 88 93 58 82 14 27 66 77 58 46 55 83 60 24 18 42 6 65 15 4 7 13 66 43 9 64 13 75 41 79 50 65 43 34
38 87 22 7 97 76 96 38 28 80 13 88 31 70 62 79 21 75 42 13 5 45 63 85 29 3 98 90 67 66 18 43 85 3 9 29 56 39 97 75 63 21 92 23 63 35 99 50 68 5 16 51 43 56 30 57 29 18 42 76 24 22 52 11 22 1 40 12 43 10 85 68 87 30 19 83 23 30 30 65 28 62 13 74 34 46 10 44 58 57 7 51 71 78 1 77 15 64 19 30
64 24 24 73 22 84 69 96 14 9 3 43 11 66 76 78 18 1 41 19 84 97 54 19 75 92 72 81 32 77 94 28 58 78 11 27 41 8 91 33 86 82 89 68 88 39 21 40 45 8 23 0 72 69 80 40 59 31 87 72 32 67 58 57 20 62 61 33 83 24 49 62 40 85 31 64 83 80 57 10 95 43 77 31 61 58 36 48 85 72 87 18 60 28 52 13 90 15 65 29
13 65 24 78 17 9 16 10 49 67 21 89 2 74 88 62 24 41 34 35 98 9 43 13 61 88 55 24 2 58 82 75 63 15 38 73 35 21 93 42 3 81 83 83 69 98 48 68 96 72 46 45 60 44 94 89 87 71 90 93 97 39 34 57 18 74 41 53 42 20 83 58 54 95 83 61 22 8 60 10 27 23 54 48 93 4 38 50 5 89 76 71 51 74 12 43 86 32 52 59
78 72 49 89 90 58 15 29 58 20 42 37 42 46 94 81 97 73 58 6 35 92 32 17 65 27 15 70 69 42 18 90 14 19 51 88 60 12 8 17 57 33 13 81 27 45 20 58 67 96 26 46 0 87 34 99 78 12 42 52 97 30 53 79 19 83 50 56 44 54 92 46 54 30 31 67 73 2 95 1 25 59 58 2 65 66 13 90 69 29 40 58 61 11 90 46 7 60 21 78
29 0 59 71 73 99 32 4 72 63 6 1 26 85 0 32 19 73 24 62 63 52 69 53 25 78 85 51 69 75 81 14 89 29 92 46 46 9 55 76 46 94 76 69 19 80 31 62 41 65 96 95 10 35 88 85 22 1 3 59 75 35 37 0 34 17 7 34 75 80 59 43 41 55 35 58 20 5 7 15 36 63 51 86 38 77 9 3 83 87 10 5 4 62 95 35 11 98 43 84
98 13 39 12 29 19 11 29 34 90 6 43 65 75 48 48 38 1 53 35 29 35 7 41 49 60 51 34 28 55 82 99 25 93 17 84 10 59 42 80 88 28 8 63 21 66 93 86 22 86 18 81 21 70 33 39 7 35 57 39 20 79 2 60 4 11 86 85 18 52 10 26 7 53 43 63 95 42 12 86 58 73 88 55 29 60 63 54 67 71 3 62 44 55 18 13 73 0 20 84
76 95 84 35 69 23 29 4 6 14 23 74 93 99 99 12 55 69 15 13 63 72 44 77 59 38 98 20 99 65 61 7 5 49 15 86 94 76 59 85 37 53 43 18 58 44 17 42 62 80 74 32 37 41 94 33 11 17 45 45 18 14 24 5 37 55 46 45 65 83 82 72 0 72 38 8 19 5 28 43 43 67 59 88 1 99 16 99 40 17 31 26 90 65 27 85 68 8 10 31
3 26 45 48 8 48 53 54 32 68 23 69 27 33 14 69 35 30 76 49 55 37 29 61 0 2 31 94 55 37 89 28 66 94 26 41 35 94 43 59 64 69 37 83 76 31 60 75 91 86 63 34 87 3 74 10 27 81 17 7 69 52 40 13 9 11 99 0 95 30 48 70 42 59 67 84 50 83 16 92 17 17 93 66 28 93 17 81 3 86 45 3 41 29 3 66 88 30 72 70
65 77 37 71 83 68 40 7 54 17 19 66 85 27 84 93 49 54 56 31 50 78 24 43 60 66 63 1 21 25 23 59 88 82 24 34 97 36 55 86 77 14 97 52 33 81 95 43 48 90 45 48 15 68 57 31 76 31 26 72 61 32 29 75 27 50 89 26 47 78 76 69 62 60 49 36 26 34 48 61 5 96 66 59 23 82 30 40 46 45 7 99 42 94 69 14 18 11 85 0
34 81 17 16 22 18 26 7 66 98 99 17 35 61 38 33 69 54 42 37 4 56 69 19 88 79 21 62 5 22 90 17 12 5 2 82 40 41 54 1 57 10 75 79 95 76 16 59 72 60 2 62 96 10 26 2 64 55 3 18 46 21 70 48 10 75 7 26 99 53 69 13 59 56 95 74 65 50 32 66 38 22 56 63 54 50 46 35 42 81 72 67 76 26 2 21 69 21 4 24
44 42 76 19 9 45 12 70 18 22 69 86 51 1 53 59 40 88 36 83 21 45 96 24 8 26 95 88 20 62 5 94 84 34 65 33 1 48 65 29 82 68 90 14 79 12 35 23 45 54 92 52 92 59 84 71 93 44 78 65 5 92 36 49 96 84 8 4 40 99 25 89 64 13 62 42 33 95 85 98 34 33 32 64 27 20 35 87 81 66 96 22 54 30 52 17 95 49 31 52
5 38 22 21 61 92 63 33 66 83 7 45 80 18 21 23 56 99 63 95 33 34 60 75 66 18 14 9 70 61 75 50 1 4 22 32 6 61 99 95 97 18 56 74 9 35 68 83 39 72 5 53 59 17 51 44 21 87 32 36 23 36 97 76 62 35 55 95 7 72 4 52 10 81 17 16 25 11 50 14 14 81 76 78 79 63 44 97 51 91 78 51 18 31 48 23 28 73 40 54
93 30 44 99 20 54 16 0 8 32 1 81 68 67 96 25 93 28 3 74 25 56 0 86 34 59 22 95 75 86 47 88 89 69 27 94 12 86 20 43 63 64 68 15 72 20 4 20 64 25 17 91 36 52 99 76 29 15 61 60 93 62 40 83 85 18 70 28 78 72 80 73 37 22 58 77 54 34 93 38 8 9 97 51 72 49 32 28 47 66 66 4 59 66 14 95 33 13 64 58
11 59 84 61 2 47 45 54 67 36 83 75 20 20 87 66 49 76 20 45 11 38 12 30 88 59 81 9 63 34 61 87 21 82 95 9 70 94 41 19 44 99 38 33 24 22 11 39 69 79 4 67 0 67 12 31 57 99 8 68 98 88 93 62 8 40 15 95 49 68 49 48 74 58 32 49 94 4 17 86 54 47 85 21 69 25 39 44 11 34 69 49 23 47 61 32 90 95 98 96
14 92 48 41 38 30 84 35 74 95 8 33 85 83 40 43 67 22 73 61 11 89 3 86 91 81 96 58 93 73 77 6 87 21 88 65 32 16 74 72 5 75 28 60 46 1 23 76 97 76 28 3 77 89 18 24 74 56 7 95 60 80 9 54 3 8 22 75 55 3 33 78 56 29 15 2 15 33 74 97 61 84 84 69 68 97 12 9 94 39 83 38 72 7 71 14 4 29 92 5
67 80 39 87 75 12 12 94 47 41 80 21 36 81 92 12 60 40 24 9 1 47 41 56 99 55 75 44 5 35 13 15 87 32 12 10 93 34 73 19 12 17 50 23 57 70 82 20 23 34 54 10 85 83 24 71 30 9 59 28 43 8 87 18 69 41 77 94 41 96 64 28 57 2 88 29 83 12 18 63 45 43 61 95 22 78 47 43 90 5 46 5 39 59 79 4 55 39 50 61
34 21 47 50 11 21 86 98 57 52 42 88 62 80 97 43 70 14 89 42 11 94 72 22 63 91 87 88 44 35 57 21 10 20 18 56 96 58 87 87 98 28 13 68 33 94 80 76 21 81 8 24 12 55 8 77 93 45 82 92 16 10 12 49 35 22 31 13 97 94 30 85 30 60 22 76 70 60 85 83 95 83 30 36 92 48 47 42 72 44 83 41 64 21 82 75 2 65 63 24
83 26 22 70 65 96 28 88 35 28 35 3 75 30 14 80 97 37 35 30 92 58 67 23 17 62 95 60 48 70 87 49 96 9 71 36 33 34 55 85 10 80 33 24 84 77 22 35 13 0 40 21 78 59 41 54 21 9 25 4 92 18 65 60 55 3 56 57 41 83 86 4 63 3 75 98 93 84 40 4 29 42 44 63 7 34 83 38 44 94 31 16 43 69 70 66 7 8 43 78
31 53 63 40 77 12 52 71 32 90 4 62 71 76 69 31 62 21 13 49 58 77 35 63 54 85 12 63 56 32 74 55 52 51 8 5 59 8 88 32 62 67 33 4 75 22 21 8 57 65 92 62 99 5 11 11 88 2 26 2 74 99 84 82 71 49 26 95 3 3 52 25 9 93 7 27 96 71 51 74 64 70 96 64 10 3 84 36 5 54 40 11 68 87 34 70 63 6 34 6
95 21 48 22 16 52 1 62 49 96 30 75 76 99 97 45 71 56 15 2 15 60 78 10 43 45 75 86 71 38 83 48 22 59 54 81 87 93 68 14 47 44 21 8 77 14 19 31 31 67 45 85 33 26 72 9 40 45 21 10 60 55 53 80 87 8 18 91 86 7 69 36 49 40 1 14 50 36 99 6 60 83 80 10 94 74 11 94 15 27 2 67 22 5 60 20 86 93 12 85
65 17 97 33 99 92 63 56 74 87 99 69 95 37 69 71 97 54 68 42 84 35 90 94 20 46 23 81 16 39 2 61 8 74 50 32 98 39 6 59 15 76 75 78 63 61 32 30 25 59 15 81 14 5 7 31 85 72 95 63 48 3 75 25 76 45 50 2 79 97 14 17 37 95 40 96 54 9 93 53 18 69 12 6 9 59 66 69 42 34 9 44 77 85 20 20 31 63 15 13
88 87 35 86 22 18 46 38 94 30 33 40 93 57 3 94 23 50 79 31 82 25 29 40 25 80 4 10 60 94 72 84 9 57 81 13 57 87 24 11 76 98 98 40 17 11 23 61 1 55 5 7 21 6 70 74 37 96 1 1 50 78 50 71 90 39 58 69 53 68 71 39 20 1 97 56 45 72 68 15 80 54 77 45 62 8 73 29 9 15 65 99 73 89 90 1 73 68 70 41
71 13 6 19 0 87 56 37 46 93 1 74 98 45 33 40 26 97 55 98 25 25 24 18 20 32 49 67 9 42 5 13 50 3 49 62 74 34 43 41 78 30 23 75 39 66 33 74 85 43 68 34 24 54 81 17 89 43 47 22 61 92 7 35 92 83 64 88 46 54 82 21 9 80 83 42 69 19 43 78 83 35 77 69 53 40 84 52 86 64 31 69 35 41 0 36 69 35 79 84
78 56 13 19 34 64 46 40 3 18 39 13 41 70 54 47 88 86 88 45 1 4 61 26 4 2 42 88 2 40 40 7 33 50 9 43 41 0 60 55 92 89 9 6 69 53 52 73 72 73 74 61 51 54 6 67 46 44 94 4 51 60 38 24 70 74 15 48 34 39 3 40 79 79 98 22 57 44 42 26 22 25 85 61 89 69 78 46 87 83 57 77 67 29 73 86 88 84 81 21
44 60 99 32 69 11 29 51 79 85 64 45 92 55 72 57 75 32 45 44 88 67 26 28 67 87 18 59 51 21 40 68 55 37 44 42 75 33 11 78 32 28 59 2 11 58 7 58 8 66 62 69 11 94 99 91 47 70 88 67 30 56 40 98 44 46 55 63 35 17 18 75 18 9 57 56 39 52 37 38 83 23 69 17 87 36 35 36 11 83 3 48 54 60 98 29 14 62 25 17
99 23 44 10 72 85 90 24 88 42 43 90 55 24 36 9 87 3 82 10 91 93 43 69 17 1 75 38 48 64 23 46 53 9 15 84 93 88 18 35 65 7 22 74 65 69 36 42 70 14 24 9 10 82 84 1 63 16 10 52 73 15 84 37 30 63 53 87 10 29 96 11 76 44 53 32 19 62 63 73 45 23 57 25 81 91 91 71 23 28 5 58 14 4 69 58 35 30 67 23
46 93 41 38 16 10 14 36 97 30 78 14 43 19 46 24 45 78 57 13 54 85 52 56 67 3 78 28 87 33 29 24 56 35 40 36 56 48 29 64 25 45 81 0 3 20 60 62 20 22 87 72 94 77 49 17 78 65 42 62 91 20 11 75 28 58 24 12 82 23 88 48 36 56 90 31 13 4 8 31 70 30 73 41 74 78 67 4 44 15 39 6 92 50 97 37 64 81 29 32
88 91 28 97 43 14 96 60 5 30 54 14 34 80 60 83 59 28 17 61 30 16 47 38 96 52 17 10 51 54 58 95 40 70 5 4 5 24 35 36 49 4 35 17 45 28 96 60 7 13 33 64 25 57 26 45 53 98 64 56 0 5 95 9 43 84 11 58 14 13 91 44 3 17 3 52 33 80 55 47 63 12 82 79 63 34 49 81 64 30 50 66 81 93 28 29 87 75 82 99
