100
13 99 88 6 4 2 14 79 47 26 36 65 82 18 20 52 49 57 98 87 24 89 34 61 15 73 41 67 55 98 30 15 33 44 9 47 5 41 71 54 92 47 41 14 26 58 3 5 50 88 5 94 15 94 18 76 83 63 95 86 9 38 92 23 10 71 39 6 46 75 74 43 16 14 23 61 93 59 88 56 60 15 26 51 41 54 53 19 71 20 79 63 52 31 42 82 18 28 64 91
91 47 38 72 88 46 84 35 72 76 44 38 49 67 60 87 60 66 79 29 4 99 83 16 55 57 87 34 14 77 91 16 80 22 16 53 94 11 35 74 56 97 16 98 62 34 92 33 48 4 46 78 17 69 19 29 52 30 5 73 41 95 99 58 95 50 27 91 55 81 12 25 9 13 44 5 92 18 86 34 64 83 81 29 90 16 38 9 72 52 59 78 44 28 70 20 63 50 41 92
89 77 72 25 72 5 98 61 53 93 8 61 80 22 42 33 21 84 41 9 34 68 66 93 29 19 82 58 82 5 74 11 50 45 25 44 33 33 72 97 13 29 6 25 12 66 46 4 71 16 68 54 73 33 42 37 80 8 55 74 67 21 34 99 24 21 42 66 97 35 82 29 38 74 86 9 27 74 47 97 73 49 38 55 42 51 44 28 55 94 47 73 14 99 19 85 32 17 57 95
55 28 71 52 88 16 2 85 70 44 81 63 89 38 45 20 79 15 44 9 92 54 73 60 59 50 0 16 27 32 37 14 73 53 61 66 21 15 72 13 59 89 14 37 93 68 13 77 59 27 51 3 84 96 62 99 6 88 51 56 43 21 20 42 76 75 91 94 94 25 75 82 48 48 3 10 63 14 5 73 78 11 15 93 97 77 88 43 94 23 67 17 35 38 70 36 28 42 69 35
2 84 9 39 1 90 44 12 87 16 28 10 11 52 50 20 62 93 97 21 66 71 12 10 97 7 82 5 61 90 48 35 94 75 99 33 3 42 81 0 18 91 58 40 85 83 32 79 14 38 33 76 21 61 22 23 55 27 93 60 94 36 73 94 89 26 65 94 19 61 88 29 95 48 50 98 6 1 40 10 8 73 74 22 25 34 3 28 22 6 66 14 11 99 7 94 25 86 64 51
64 74 11 20 69 56 22 16 90 96 33 91 41 35 64 64 5 51 82 93 23 35 1 84 77 37 72 22 13 76 3 60 49 99 61 54 13 86 33 37 84 45 37 5 83 90 81 6 45 19 84 60 24 58 65 35 56 43 38 27 70 29 94 0 66 92 29 63 94 19 98 18 43 69 85 25 32 26 5 52 58 98 2 30 97 11 51 71 90 31 34 35 47 41 16 99 11 14 52 32
0 28 90 71 71 50 21 73 36 98 36 51 55 14 27 53 42 67 60 39 92 26 93 57 72 63 40 99 88 40 20 41 66 85 70 57 42 69 61 42 28 12 10 46 99 36 34 9 22 4 52 62 27 68 29 85 97 32 25 84 85 34 0 61 23 34 26 98 98 80 68 89 99 79 50 59 98 39 63 72 7 71 49 93 48 12 96 39 60 45 7 41 51 61 95 1 61 74 28 69
54 95 25 10 85 42 53 74 98 30 49 98 0 27 26 51 9 90 80 30 48 27 62 44 6 36 97 69 75 12 37 0 20 30 89 30 73 64 10 54 82 4 43 53 58 17 85 50 96 4 45 16 62 38 97 85 5 76 8 65 18 1 7 9 43 14 88 90 59 52 44 29 64 43 16 3 72 45 36 9 38 44 89 92 43 86 26 19 27 8 38 23 43 59 46 71 76 83 86 13
34 85 37 19 7 37 93 76 11 58 24 56 30 23 42 85 72 65 8 98 50 97 57 59 16 87 28 6 50 85 51 90 56 36 30 10 23 47 67 91 21 26 43 57 15 87 74 2 22 10 35 32 99 74 87 58 38 76 69 13 9 14 41 63 6 42 99 6 13 17 39 36 95 50 97 70 30 3 89 50 94 58 22 52 33 72 25 87 33 83 50 74 33 88 91 70 91 84 21 81
98 75 57 37 29 69 2 30 26 10 12 7 78 38 64 47 34 15 13 81 12 53 23 29 25 45 37 63 56 83 54 43 51 87 23 52 89 68 84 21 94 60 8 34 26 18 91 79 8 22 92 87 89 46 52 22 2 7 24 30 45 59 20 71 65 77 36 1 86 42 17 61 81 88 91 95 82 14 65 56 21 32 74 18 77 44 59 31 54 5 30 92 3 31 96 48 77 61 95 1
94 62 55 11 83 34 26 8 48 22 70 58 21 95 58 73 62 3 90 17 43 66 3 68 88 94 8 90 89 95 30 34 67 99 39 38 10 88 64 99 98 79 42 47 97 30 60 35 48 7 58 64 14 79 16 29 38 25 25 28 50 47 68 66 72 17 28 85 70 37 13 46 7 89 58 7 55 38 99 31 65 89 52 73 31 62 30 43 4 18 54 78 50 89 40 7 31 96 32 11
8 76 26 11 78 68 50 81 17 71 34 17 42 49 58 79 59 31 59 42 45 50 50 26 65 87 76 83 86 60 40 42 24 90 17 54 80 85 72 41 64 10 82 60 40 23 70 34 24 3 13 60 72 63 73 46 83 77 33 29 13 83 76 91 75 68 18 67 85 65 83 18 10 34 30 41 99 83 13 23 19 24 35 91 84 4 20 37 38 55 55 96 15 91 75 67 0 88 50 0
21 37 2 72 68 66 2 32 58 39 42 91 93 18 23 51 88 18 87 88 65 72 38 62 53 51 26 85 26 87 27 80 35 98 24 60 99 4 41 91 20 95 63 10 68 65 65 55 22 43 16 20 68 37 69 11 96 72 62 15 52 46 13 23 71 90 90 21 38 38 71 4 17 34 86 71 63 31 3 31 97 1 65 59 76 59 49 68 17 57 39 5 61 60 27 96 73 45 64 40
31 44 27 29 3 84 90 30 45 68 42 11 39 80 22 52 10 39 70 74 15 92 41 4 44 7 8 36 55 84 23 94 75 25 48 51 81 85 71 78 48 4 31 63 47 84 81 38 68 13 15 14 21 82 91 57 78 74 89 74 57 4 20 60 87 56 48 91 31 16 12 3 79 75 40 92 55 34 27 91 0 27 6 94 84 59 53 8 87 66 87 38 77 12 37 17 22 67 73 8
13 20 14 55 83 80 95 33 75 30 53 98 47 85 50 68 61 12 98 45 96 29 8 70 28 18 57 34 3 63 83 69 68 69 16 61 94 70 15 3 26 87 91 39 43 0 1 74 44 42 11 30 50 73 46 30 82 71 9 37 49 34 61 32 69 98 96 14 85 86 85 67 86 20 7 42 73 15 6 96 40 43 79 76 26 90 66 26 22 84 51 74 50 48 14 25 10 47 36 72
56 91 64 24 83 57 58 0 78 28 79 83 54 15 81 71 81 35 66 2 52 88 5 44 19 78 92 46 42 48 34 20 22 90 61 84 18 41 92 3 32 6 7 14 53 29 99 22 58 11 22 55 82 89 72 61 33 85 63 83 26 91 98 57 22 95 28 33 99 55 98 19 95 64 33 90 35 83 89 76 21 28 92 78 59 22 30 0 84 36 26 25 68 50 59 32 57 40 62 30
59 9 80 16 89 49 42 69 7 39 21 94 69 47 83 77 56 60 56 5 15 0 57 54 26 96 31 16 33 2 95 96 99 89 13 77 85 35 56 16 90 46 92 67 44 1 81 32 83 24 33 60 98 55 86 76 1 92 61 24 55 77 14 19 73 63 86 7 28 21 61 50 24 38 36 45 9 97 54 83 5 77 43 93 99 86 64 14 78 77 40 5 77 53 69 51 23 51 47 58
21 15 25 74 96 67 97 0 46 5 75 87 39 22 44 82 71 37 55 84 27 26 44 2 38 41 29 0 55 42 13 18 13 87 96 75 78 58 50 84 36 53 81 58 98 26 62 48 5 54 28 94 54 87 69 11 87 93 17 23 48 63 21 68 95 96 82 85 71 72 74 26 94 32 45 89 74 58 25 30 76 45 92 81 22 67 13 37 18 43 33 88 37 65 3 79 1 79 1 92
64 27 4 79 5 42 23 76 81 9 77 93 71 67 95 54 97 36 44 89 89 56 26 87 75 40 40 89 57 24 54 80 34 39 1 64 45 30 52 28 24 67 9 7 31 21 46 60 3 92 74 18 78 20 59 52 45 15 39 14 1 21 36 85 46 66 76 62 20 25 37 22 62 95 91 53 18 93 37 2 88 83 43 86 50 73 82 41 69 57 32 13 83 32 58 1 54 47 61 13
60 98 48 17 51 31 47 86 42 10 2 33 32 85 23 12 77 6 21 71 57 80 47 74 44 71 33 27 57 41 26 83 52 21 27 6 48 50 65 25 54 76 80 69 95 40 27 63 41 21 1 83 17 71 97 96 41 29 14 0 12 19 12 19 90 36 3 6 40 75 33 34 22 27 12 0 36 59 15 92 79 63 37 81 87 72 92 46 53 85 26 95 18 1 92 66 30 16 78 86
61 14 95 81 86 70 23 84 46 61 4 27 62 46 69 6 93 90 48 25 71 9 79 52 45 12 88 66 97 47 13 71 60 31 11 93 65 31 1 74 29 75 12 89 56 2 36 31 38 48 14 99 68 26 2 71 32 22 27 51 97 66 11 54 77 77 15 70 5 88 75 17 98 85 66 16 63 48 32 1 66 43 13 14 61 4 11 65 9 39 56 83 9 2 60 36 80 54 31 37
45 53 69 76 9 25 18 95 74 3 38 42 95 70 19 5 63 85 47 57 30 80 72 11 6 94 26 14 5 93 63 37 56 21 26 61 48 78 52 69 52 72 44 81 49 97 55 86 3 43 70 97 10 77 2 10 28 22 22 13 70 53 39 10 69 58 31 55 45 89 62 15 23 0 5 0 77 5 16 55 52 94 53 11 15 90 97 51 58 9 74 82 36 88 5 29 24 67 17 32
21 5 94 30 43 24 13 77 64 24 83 52 17 22 61 43 32 94 0 65 55 30 80 67 71 94 11 90 65 38 56 56 12 58 59 98 81 4 21 59 81 87 62 75 30 92 55 43 64 47 62 12 26 55 64 85 31 89 24 80 30 91 42 51 93 40 9 39 26 35 83 61 12 88 39 64 35 20 55 3 28 27 15 51 96 82 98 45 41 44 33 81 71 48 16 54 24 9 95 0
15 7 69 44 42 32 36 21 37 80 20 31 82 64 85 79 2 61 99 34 4 3 71 60 16 29 64 73 11 49 9 0 73 70 7 79 0 2 19 59 80 87 8 3 73 56 23 27 68 92 41 38 66 66 11 20 98 1 53 52 7 29 18 84 82 59 77 31 48 89 9 25 89 22 95 80 75 91 95 40 67 21 13 83 28 6 24 73 31 20 54 8 30 15 16 99 78 50 87 89
38 14 93 27 88 35 8 16 93 68 58 47 2 6 70 66 89 89 46 82 86 39 23 82 72 27 29 6 36 11 47 64 83 13 82 62 13 58 58 57 27 64 47 17 63 3 21 2 40 26 0 69 39 2 49 7 65 91 43 97 48 22 77 98 95 25 2 36 22 99 10 4 19 31 41 59 78 28 68 22 16 68 64 81 26 74 98 10 93 0 94 70 8 19 63 1 69 90 16 24
24 80 49 2 65 17 24 81 86 21 88 4 47 58 89 72 8 81 29 33 51 65 69 2 19 43 20 17 48 23 53 23 69 0 34 6 4 55 69 86 7 26 28 14 66 28 38 54 66 11 89 8 50 50 1 2 7 53 60 79 99 68 26 90 84 75 61 49 52 83 57 40 5 26 63 9 79 59 13 15 88 57 30 25 40 22 40 53 3 17 25 97 21 97 72 3 73 43 71 7
99 42 78 63 6 84 70 69 98 19 43 27 80 67 1 84 41 13 43 80 5 84 98 38 70 4 32 14 76 16 99 35 69 62 21 90 51 2 45 18 65 83 43 46 19 58 45 92 77 62 47 20 78 25 80 85 33 60 70 48 25 73 74 20 96 2 3 4 88 33 23 47 43 29 75 77 96 55 63 26 17 58 7 71 21 50 80 14 35 89 57 71 73 34 43 82 43 91 31 34
50 52 79 56 54 34 89 1 84 92 27 90 79 10 26 40 92 39 63 26 63 92 44 7 1 2 35 96 64 65 15 87 97 40 29 44 0 60 75 23 37 73 96 61 36 32 91 99 69 59 6 84 88 60 15 34 50 74 72 76 18 90 65 61 64 96 24 88 11 11 15 28 83 52 42 58 69 41 2 6 19 33 18 0 12 44 17 4 33 89 22 93 69 41 36 72 39 20 42 80
5 44 45 16 38 28 82 71 37 90 95 48 83 47 79 97 84 4 85 58 72 82 23 10 57 92 49 42 81 48 65 81 53 92 99 14 70 81 77 45 70 3 13 84 4 47 17 44 43 32 72 14 46 42 54 75 54 93 62 87 43 70 96 40 48 34 39 58 95 39 89 63 65 97 55 52 62 6 95 4 35 59 68 65 20 30 43 58 35 78 9 29 27 44 66 2 45 48 83 79
49 3 60 20 55 9 34 48 43 53 49 5 54 78 59 99 82 37 89 80 88 81 37 56 75 29 82 1 75 20 97 27 22 76 94 24 50 84 1 6 3 41 42 85 14 30 28 26 94 2 49 6 22 50 18 88 31 80 27 22 94 57 32 67 37 36 11 48 27 87 14 60 80 37 64 23 98 62 35 62 75 63 11 9 57 3 35 90 92 81 93 86 95 7 40 98 75 91 30 24
59 64 10 99 47 49 56 10 36 7 74 13 83 84 55 35 90 97 56 64 42 19 71 9 4 72 71 25 97 11 47 79 89 59 58 60 0 27 2 73 1 93 41 39 29 3 45 42 12 87 7 23 89 24 62 21 52 83 90 96 56 28 26 6 23 25 3 27 8 4 60 31 67 82 31 10 55 61 1 36 91 87 96 67 52 6 3 5 69 90 22 5 89 47 43 74 74 27 56 23
99 67 45 39 33 90 43 30 24 25 91 51 68 38 37 45 16 86 55 7 14 73 37 36 6 47 85 88 12 89 46 83 55 15 35 82 87 0 37 45 96 90 50 5 51 90 33 23 40 72 24 77 97 79 66 53 11 83 62 27 80 3 40 38 4 49 1 74 23 22 37 24 11 98 41 18 0 22 4 19 75 59 34 96 17 89 72 53 5 35 36 26 89 13 54 14 9 26 10 94
39 71 4 72 74 9 43 52 60 33 19 6 5 45 59 21 52 69 3 48 95 71 34 32 51 56 34 92 44 46 47 7 25 81 59 71 26 47 24 3 40 56 64 64 92 53 48 2 56 13 96 64 72 4 41 49 30 46 63 7 51 74 28 56 36 64 29 99 35 90 83 49 28 35 15 64 74 30 59 84 11 36 4 54 5 63 25 35 46 41 5 32 32 72 66 2 5 83 21 48
80 40 47 17 26 89 8 90 73 85 79 4 81 28 7 17 28 41 76 58 27 28 81 91 69 58 73 27 60 92 66 36 53 28 19 19 47 31 74 30 57 54 66 29 46 70 94 60 68 39 62 47 11 98 52 38 73 71 88 42 14 51 88 81 18 44 61 5 84 77 75 88 78 8 28 42 52 76 23 66 32 94 18 90 21 62 67 87 10 94 54 95 68 90 39 27 34 44 1 14
26 37 64 82 66 18 71 60 22 18 48 83 82 43 55 50 0 27 23 18 67 94 42 54 62 27 44 13 49 32 35 65 82 33 22 69 50 2 84 41 72 8 96 86 22 56 30 49 34 32 53 61 10 15 39 5 64 45 46 57 90 79 19 97 87 43 5 33 2 21 40 64 84 82 39 74 11 63 5 41 45 52 89 44 68 57 34 71 85 25 76 62 22 23 53 36 27 51 59 99
35 36 88 67 79 61 86 85 42 44 88 20 84 75 36 0 40 9 19 40 32 85 39 54 44 57 83 4 6 26 97 46 80 90 30 95 5 7 69 51 23 48 30 35 73 5 0 71 54 33 47 59 75 26 93 9 56 75 73 72 71 75 91 37 21 36 56 37 78 51 66 12 50 34 39 82 27 45 89 73 46 33 69 0 2 85 90 75 60 37 49 94 25 22 96 80 99 60 56 87
87 80 8 30 51 60 50 59 64 85 22 17 31 18 20 69 83 1 63 96 47 89 76 59 41 89 99 15 95 11 15 48 8 59 41 81 5 58 8 41 1 45 66 92 14 84 13 56 64 37 25 10 49 88 63 56 97 69 13 5 43 42 98 59 23 49 30 14 17 98 38 7 2 77 99 23 86 72 94 21 78 72 29 4 44 89 85 85 63 56 78 77 29 1 22 70 10 69 61 33
16 65 58 61 90 1 21 74 38 88 57 49 13 30 53 1 24 71 23 73 47 32 17 26 6 77 81 32 80 44 22 83 41 98 39 97 62 13 18 36 90 32 74 20 80 69 49 36 56 37 32 76 85 86 63 54 88 49 86 75 52 10 33 88 66 32 40 41 74 64 18 11 51 50 82 96 28 50 58 38 43 1 29 53 18 48 12 21 91 8 89 3 29 72 47 40 63 16 7 63
35 24 88 13 90 56 38 18 95 0 18 24 32 90 12 50 63 0 11 68 15 73 84 97 56 80 40 20 6 51 56 56 90 47 61 52 32 36 57 72 22 88 41 37 95 37 32 43 38 13 21 0 25 46 44 8 8 39 97 72 31 75 22 93 67 37 28 21 77 11 60 74 34 71 91 15 41 14 24 34 74 69 90 59 55 64 95 45 89 52 76 25 57 96 16 34 12 85 48 32
18 90 35 81 79 75 90 11 45 68 31 20 20 91 76 81 11 46 71 42 80 59 56 76 80 44 85 76 3 16 93 94 31 55 40 3 36 19 25 55 91 59 79 95 73 76 69 16 20 86 82 50 65 31 65 78 33 14 39 30 35 64 84 83 0 70 16 27 92 44 82 45 70 34 15 48 87 14 68 40 63 11 4 44 6 76 20 18 70 11 50 80 46 24 83 37 76 77 88 28
88 45 68 52 80 39 76 21 83 54 24 50 64 34 29 31 59 34 77 15 63 44 90 96 9 32 64 42 55 25 26 47 5 69 4 74 1 76 59 70 5 65 0 18 16 78 98 63 43 38 32 82 66 78 14 47 62 32 53 62 79 52 4 53 48 90 30 98 48 61 31 94 9 55 23 26 84 6 74 86 67 41 93 1 4 36 37 62 86 7 25 34 54 91 8 27 59 8 46 68
11 27 13 33 85 47 80 55 57 13 64 79 66 18 60 67 74 93 21 61 69 13 92 50 48 71 80 94 68 65 71 81 83 13 64 67 16 23 35 65 76 86 74 67 53 78 69 40 22 80 36 38 74 84 16 4 82 29 80 89 99 14 28 61 93 83 35 25 95 11 36 1 17 6 79 47 52 87 85 18 85 38 90 94 93 7 24 91 25 49 42 87 29 31 88 21 90 23 92 23
88 74 13 5 4 18 51 80 80 79 92 29 35 52 15 17 37 59 98 5 84 33 7 15 93 16 67 84 8 95 50 31 88 73 97 42 52 17 39 2 62 66 35 80 78 36 72 59 17 85 95 43 91 81 22 6 73 43 56 66 46 8 10 20 96 18 92 58 22 96 69 4 2 2 44 98 54 81 9 37 13 10 5 38 62 92 76 32 22 47 21 89 27 37 33 56 35 26 21 30
14 36 16 82 70 22 43 34 64 37 82 74 14 38 5 88 93 77 60 26 85 53 78 50 23 56 41 74 57 20 12 51 49 4 79 32 67 40 47 49 75 5 5 26 6 76 44 18 9 38 64 28 85 45 28 99 1 51 86 63 96 58 9 48 34 64 52 77 90 94 40 86 72 68 5 59 26 98 15 5 1 75 70 83 90 48 47 28 33 59 68 27 84 88 46 97 4 65 28 7
92 78 47 18 15 26 0 78 8 5 59 11 8 99 37 65 93 14 79 44 79 44 65 78 79 28 34 78 38 66 93 44 58 62 97 43 77 64 19 50 79 56 89 22 30 28 68 9 24 34 40 62 3 54 72 46 88 15 63 72 33 57 13 93 28 90 92 25 25 26 85 28 51 20 78 10 35 41 18 59 51 58 95 32 64 51 81 8 31 65 39 56 86 25 22 44 81 46 14 44
34 12 0 56 70 63 55 21 98 52 93 81 42 69 42 41 20 28 87 73 6 10 76 78 60 49 21 16 72 45 39 78 96 91 64 23 81 37 86 4 8 81 79 51 34 57 9 68 88 46 88 49 41 47 60 32 16 42 61 92 63 30 85 66 28 53 74 93 48 94 53 40 9 19 3 15 22 80 48 54 27 60 82 73 61 58 63 28 95 89 51 23 14 32 18 79 24 63 77 38
86 48 33 88 76 82 36 95 65 17 53 59 27 12 72 88 5 73 97 83 23 36 34 87 62 42 72 59 20 96 30 4 83 53 17 40 66 6 19 34 34 73 33 35 20 1 69 38 35 4 6 27 76 23 35 0 24 89 91 56 38 67 14 11 21 58 28 31 42 46 93 17 5 54 11 33 79 48 89 28 15 97 2 67 67 32 57 79 25 0 98 99 81 30 56 38 75 29 51 27
33 78 92 95 25 29 5 73 46 79 94 43 12 68 92 40 99 71 18 7 0 81 9 3 12 63 74 48 63 54 58 54 51 55 65 31 14 33 91 29 63 49 24 73 28 42 35 23 15 18 8 1 13 19 66 93 51 64 33 78 86 52 28 40 32 92 25 85 11 77 52 5 1 83 98 41 75 51 31 59 66 53 35 86 20 86 66 0 94 72 79 23 3 33 82 99 97 20 44 59
48 7 61 53 74 33 96 62 54 58 53 37 33 29 89 47 67 84 40 35 46 53 26 37 68 87 99 59 35 66 80 47 14 65 62 71 83 81 91 52 46 31 82 55 33 20 7 74 18 95 76 39 45 96 17 59 93 90 20 38 34 27 95 0 82 50 36 97 9 89 77 31 43 94 69 53 31 11 60 31 51 5 47 19 82 26 64 48 71 96 36 32 1 25 87 4 27 3 7 78
67 90 24 44 81 42 11 49 60 78 1 78 50 51 45 30 63 52 16 33 51 89 54 54 4 60 83 96 62 69 19 98 21 72 90 92 81 37 36 24 68 97 39 47 6 12 77 67 16 64 71 28 40 69 28 94 73 34 74 18 34 15 93 94 45 67 3 19 69 3 74 76 0 36 54 54 82 17 72 24 4 21 65 19 91 71 32 4 88 35 94 84 37 75 39 83 68 92 12 62
72 93 43 50 0 29 31 4 93 20 62 32 62 10 3 23 79 10 63 96 13 78 40 97 96 11 1 14 76 57 68 32 17 88 11 8 74 20 65 56 8 83 12 66 54 55 46 45 63 59 97 6 98 86 91 8 57 63 32 33 27 58 22 17 79 93 0 12 12 87 6 83 59 22 89 17 6 26 67 25 86 99 85 96 82 95 95 40 63 97 49 10 39 48 84 68 1 22 76 80
66 30 53 24 58 80 21 63 59 21 84 6 69 8 38 97 48 83 0 41 83 5 49 49 45 94 87 87 66 41 73 22 77 41 33 91 31 50 25 46 29 37 89 8 94 43 72 72 85 98 0 80 72 59 83 52 35 55 50 53 19 35 10 91 81 58 90 28 21 58 88 3 37 29 23 72 63 76 18 89 26 47 71 22 39 39 58 39 33 21 92 97 43 75 54 14 30 99 63 16
99 52 85 36 96 99 45 65 20 37 65 99 84 18 27 55 0 23 64 60 10 86 50 38 95 75 42 91 7 24 69 87 67 41 22 77 85 22 54 4 44 15 95 41 79 91 88 45 49 51 18 36 10 59 76 93 68 10 36 57 95 13 75 45 14 13 24 85 10 9 13 98 11 98 23 50 33 56 26 37 59 49 83 35 30 56 99 79 68 18 59 52 82 55 48 9 22 47 2 38
64 75 40 94 6 11 23 45 56 80 86 28 38 16 83 28 69 96 82 39 12 5 1 36 31 33 5 6 86 78 63 84 2 24 8 85 22 76 17 14 60 56 91 37 43 65 36 24 58 6 38 56 5 31 25 4 16 33 56 68 84 73 96 74 85 14 4 56 34 73 78 33 33 93 23 45 75 57 10 13 75 17 57 41 71 49 73 58 97 97 71 15 59 26 3 33 41 8 81 17
38 98 66 4 22 66 87 5 66 37 55 76 26 74 40 44 52 55 79 50 47 42 17 21 4 73 79 86 45 50 73 79 93 72 95 93 86 56 85 78 10 42 18 12 87 74 76 7 76 81 14 9 11 29 11 16 71 22 81 95 52 27 42 22 62 8 99 39 75 53 69 23 79 23 21 88 97 69 80 30 35 75 89 38 53 18 41 66 63 23 87 62 23 85 93 1 95 43 86 98
29 38 96 29 44 30 78 4 47 76 81 69 17 4 41 61 79 59 11 37 8 38 48 46 19 94 59 83 8 17 5 57 43 99 62 14 39 99 93 67 32 17 54 8 95 53 51 25 11 0 30 82 1 1 77 46 43 61 47 54 41 62 19 70 56 71 11 24 96 11 79 44 57 75 98 9 82 71 7 54 64 14 7 26 97 60 36 80 39 40 85 41 38 69 89 21 13 0 92 15
46 30 57 20 58 82 3 72 79 27 48 99 84 64 45 35 2 83 29 60 35 51 24 60 25 45 86 30 99 51 57 63 96 93 22 4 49 83 93 32 48 40 8 93 96 55 82 44 22 57 46 95 0 28 86 36 21 24 72 22 7 70 17 66 25 15 11 29 10 29 49 63 46 8 56 3 60 39 83 93 19 57 94 2 83 32 86 5 95 33 6 44 97 98 67 89 65 14 82 14
69 0 20 65 8 9 46 28 74 6 67 77 11 16 75 89 95 91 33 59 11 96 12 25 93 17 53 61 11 49 76 57 47 87 13 41 72 27 26 43 60 89 55 0 78 35 14 46 17 93 93 99 65 28 81 13 25 23 40 46 76 49 1 31 74 57 67 40 91 45 72 88 34 73 28 36 94 32 30 50 85 22 86 75 51 40 54 31 54 22 62 53 99 0 20 74 64 24 44 81
72 49 58 68 40 34 39 23 86 28 83 34 93 86 76 13 20 50 49 58 64 4 30 5 19 40 16 4 14 13 54 52 62 95 27 46 87 54 39 76 94 56 19 56 55 67 99 25 95 74 42 86 44 4 20 33 70 52 72 68 74 37 40 97 65 20 62 32 56 32 10 32 64 65 13 21 39 42 92 87 39 95 94 34 87 35 98 96 3 35 10 34 2 93 0 35 17 45 40 37
77 82 34 69 74 36 25 73 3 9 24 84 90 99 7 99 9 77 77 15 30 35 16 5 58 78 50 49 80 5 21 16 55 62 71 57 6 31 14 75 16 19 3 91 91 34 66 31 73 40 37 70 78 99 36 76 41 96 12 99 33 35 30 15 61 48 21 81 55 1 49 31 15 17 11 25 42 56 60 91 66 39 84 21 97 19 26 43 25 56 43 44 45 90 41 91 93 27 36 73
50 14 14 99 89 79 47 6 48 81 20 10 19 53 47 18 7 63 33 73 50 26 76 55 75 65 31 13 20 21 99 94 6 63 22 31 11 49 57 96 43 96 76 8 40 98 47 35 82 10 88 38 66 13 51 66 18 22 88 56 89 73 95 75 25 17 76 67 29 88 5 25 33 90 59 95 63 4 12 1 32 6 46 85 91 97 99 1 0 92 69 22 35 23 22 8 78 65 35 45
66 16 10 67 79 23 53 45 91 94 87 86 84 74 99 37 30 39 29 21 21 27 79 17 80 37 57 18 82 70 31 94 92 76 66 59 0 84 40 97 24 39 98 55 50 52 46 84 10 75 49 90 55 47 94 38 54 57 39 92 97 66 73 81 39 36 15 89 37 31 49 51 31 18 62 25 63 76 82 12 26 69 60 80 68 73 53 98 52 44 40 47 62 35 69 82 48 42 58 28
16 4 73 39 62 69 84 73 52 0 58 12 59 2 86 67 46 99 91 50 23 70 29 71 68 3 65 76 92 89 89 15 70 64 51 36 74 11 71 96 83 85 89 70 64 83 64 37 20 34 77 68 42 1 55 23 88 60 94 62 88 35 8 74 76 32 10 95 18 74 60 51 27 89 66 20 70 10 35 58 9 31 81 30 27 30 24 91 67 28 83 43 13 62 96 23 66 62 92 32
28 28 13 92 72 77 59 86 40 45 83 22 39 47 84 97 5 50 85 49 81 22 28 87 53 13 39 83 60 56 22 68 76 45 36 53 38 96 37 14 9 64 90 58 36 77 64 30 94 29 96 14 26 57 66 38 66 51 28 91 59 11 95 60 52 56 32 67 12 97 38 76 93 21 2 33 90 44 17 90 13 50 48 6 61 44 39 49 46 56 28 48 0 60 76 3 92 99 92 35
10 14 2 50 8 51 67 80 34 50 67 12 28 6 1 52 36 85 85 38 94 91 39 4 59 56 35 1 49 10 7 74 80 83 64 70 73 45 3 94 82 7 76 28 53 92 29 93 27 87 71 81 96 21 88 14 75 20 86 33 32 4 45 18 78 47 77 7 23 0 47 67 59 83 27 58 75 12 34 22 26 33 56 48 91 24 60 86 18 49 78 86 88 38 47 69 72 26 28 21
0 41 36 19 38 42 86 36 55 0 86 85 51 7 4 45 21 75 60 83 42 99 21 27 22 79 99 26 87 70 53 43 34 0 21 20 80 9 31 70 36 33 39 59 1 21 32 7 76 53 80 21 4 8 86 52 43 91 47 23 73 61 1 0 89 67 27 38 56 47 23 9 98 6 33 86 8 16 82 93 32 78 85 67 50 31 22 44 68 60 25 26 92 58 89 49 17 78 99 23
11 14 61 14 34 25 18 36 2 84 87 65 17 62 70 49 38 19 39 24 75 22 65 20 74 52 81 7 95 19 13 96 47 35 82 3 80 4 60 13 62 3 36 74 93 71 22 5 87 44 97 52 22 22 78 22 35 77 1 33 44 41 23 66 31 36 16 22 43 63 40 18 78 24 40 55 1 64 66 76 30 25 7 35 51 56 19 6 47 11 7 50 76 37 87 99 36 96 57 28
6 63 72 35 30 99 19 41 85 64 27 40 93 96 46 25 87 98 34 13 37 59 58 72 32 85 42 90 23 88 5 6 35 57 96 21 72 42 41 71 18 61 0 86 8 82 5 80 57 52 73 88 99 27 30 16 82 92 99 9 13 32 84 4 60 34 73 20 12 57 70 22 0 12 79 98 50 53 74 79 1 61 42 82 96 6 47 98 93 26 89 0 49 87 42 31 90 20 66 91
65 48 12 36 22 19 4 54 49 72 9 68 72 20 67 75 42 48 77 64 80 4 14 70 11 31 46 25 44 81 66 89 26 64 59 27 51 59 10 64 65 26 26 58 71 26 3 52 31 57 83 87 35 25 32 24 62 0 24 93 8 55 87 42 41 1 22 85 30 61 82 65 82 66 44 99 10 55 75 21 59 77 69 89 92 90 87 25 3 89 25 81 10 46 48 51 58 32 30 99
79 29 15 16 47 82 82 21 78 96 90 37 32 87 88 77 27 81 43 0 87 19 51 35 55 25 55 38 12 81 61 24 59 63 45 91 64 60 65 28 74 46 37 7 35 24 74 83 91 17 67 92 91 9 40 31 26 33 71 92 41 65 33 86 15 72 33 5 43 93 68 98 83 55 11 35 49 3 65 11 44 94 4 96 91 71 54 93 49 36 34 98 13 71 72 78 10 52 28 28
84 55 98 25 17 0 35 59 37 59 95 30 27 33 98 52 53 35 9 64 2 84 6 74 85 73 56 46 94 1 93 91 24 39 15 97 52 53 4 19 73 85 81 61 53 92 91 93 69 40 53 52 9 64 27 17 5 56 90 81 66 3 2 43 12 34 21 31 42 35 25 76 85 4 68 35 54 46 29 63 66 26 71 10 1 94 28 55 78 78 13 36 66 78 34 11 4 23 58 15
39 86 60 99 81 62 18 17 95 44 66 98 37 11 73 25 62 33 84 78 25 62 1 48 25 56 51 64 85 34 85 37 4 41 53 70 44 51 45 48 22 55 61 63 77 31 39 62 21 9 94 82 30 91 34 95 82 49 77 26 51 4 54 8 8 25 79 25 19 93 59 25 9 89 72 1 89 88 5 98 65 38 10 68 71 31 96 15 21 53 57 88 24 93 43 95 45 52 40 44
59 79 55 98 71 8 63 94 78 62 89 97 70 15 70 54 0 14 96 98 14 52 17 3 49 64 44 91 53 32 98 20 52 15 24 62 81 85 37 9 61 91 30 63 26 93 57 1 18 82 6 24 64 13 24 78 85 40 77 77 39 15 69 14 49 63 5 12 37 53 91 58 49 37 43 42 44 94 13 76 82 75 12 47 15 32 43 81 60 61 80 41 93 21 40 37 95 16 61 38
14 0 54 56 64 74 4 56 37 99 91 42 29 51 68 0 96 34 86 17 97 2 99 27 88 14 60 23 43 92 51 95 17 47 66 19 53 38 75 15 66 84 38 92 61 15 79 89 77 31 4 41 68 47 5 88 84 94 25 86 62 45 53 61 17 21 57 20 40 28 2 92 78 96 99 44 92 61 10 86 92 20 51 66 6 5 68 32 85 84 90 66 89 98 93 35 25 44 31 10
87 34 21 72 71 80 32 66 37 80 4 58 82 66 58 89 49 22 64 15 34 0 58 73 82 70 81 84 76 37 45 89 2 11 99 71 86 66 2 72 67 87 73 35 17 52 45 10 29 73 16 51 45 38 5 45 43 81 69 46 76 98 79 42 14 0 70 37 22 81 1 77 44 42 14 19 73 63 29 41 47 59 59 97 29 1 19 36 73 26 25 29 67 49 37 83 11 47 40 5
15 41 89 22 32 14 29 13 30 38 45 6 29 48 44 84 89 13 72 62 94 69 35 16 86 16 18 41 70 31 99 35 13 59 4 22 3 86 8 28 55 92 20 79 15 68 61 94 76 65 95 18 15 86 87 84 67 90 60 62 59 44 80 70 99 47 19 27 99 28 37 0 88 18 22 9 88 15 88 92 66 79 77 12 84 30 95 20 78 14 37 11 88 99 44 55 12 3 87 54
21 66 29 99 38 81 39 66 7 67 40 0 28 65 78 11 16 17 86 19 40 89 77 63 59 38 73 37 90 58 2 42 98 99 84 50 95 58 69 89 84 15 68 80 93 44 90 23 96 18 62 90 51 54 99 79 36 31 45 6 66 61 50 95 7 53 52 6 44 53 35 99 21 19 39 42 34 39 27 2 46 95 18 0 6 54 60 38 59 37 47 88 92 97 74 39 17 48 39 86
40 23 35 82 91 91 55 53 40 61 47 4 62 93 36 30 67 56 19 8 81 19 88 14 25 26 91 57 48 72 91 41 63 59 88 37 4 73 71 34 70 14 1 96 51 93 7 34 37 99 88 40 86 73 79 45 40 31 37 46 13 85 38 85 33 15 22 42 25 13 63 11 85 13 21 52 75 8 6 20 96 51 27 99 41 58 81 43 6 32 72 64 37 18 37 13 90 79 11 12
81 59 91 91 84 24 46 70 90 41 38 27 69 30 17 17 25 59 95 96 86 95 23 64 78 45 60 56 86 21 84 48 52 41 16 51 38 83 93 6 77 31 18 52 92 2 36 62 4 20 53 1 69 98 64 13 45 46 49 39 68 8 10 79 28 2 81 3 53 90 49 84 15 57 39 71 30 96 78 66 11 63 10 22 80 66 81 56 51 31 69 67 17 67 98 45 32 77 75 87
62 95 76 31 85 48 0 79 11 50 4 96 62 75 64 86 45 83 7 0 29 39 36 99 73 61 32 51 51 17 28 54 59 62 97 52 56 68 53 38 6 20 15 89 34 43 62 88 82 78 54 72 36 46 68 49 57 51 67 94 67 50 33 44 56 24 15 98 96 0 38 32 64 75 10 7 66 83 28 40 8 14 42 35 71 91 42 35 31 30 20 57 99 44 89 19 94 94 73 34
74 51 24 25 2 13 46 16 88 12 14 6 16 65 46 61 52 54 56 71 30 97 51 22 61 92 48 79 66 22 5 31 86 89 2 33 49 19 2 78 74 4 82 30 9 6 59 21 74 18 20 20 8 96 97 42 67 24 20 14 50 27 11 20 84 91 73 14 35 97 55 90 68 64 37 97 9 2 14 61 43 71 93 80 82 48 80 28 65 96 86 41 48 95 79 35 69 76 21 89
18 51 90 51 82 6 70 18 46 83 55 62 42 11 56 78 99 51 34 6 52 92 50 2 23 22 95 58 59 46 14 65 30 63 34 56 70 99 3 20 5 59 56 8 71 75 93 25 48 0 84 4 4 87 52 14 36 4 36 53 90 88 39 44 54 41 71 15 50 87 96 38 10 77 84 82 37 46 71 85 98 88 60 4 80 53 34 18 66 56 9 56 22 93 19 65 43 76 18 20
6 74 1 17 29 65 78 84 96 85 50 6 2 53 32 45 39 99 84 11 62 37 6 93 40 65 39 66 27 47 11 92 94 31 67 26 97 40 21 54 96 37 20 37 85 7 40 52 72 85 1 62 51 8 90 91 12 35 32 49 40 96 7 64 98 48 71 97 87 9 96 66 91 37 33 21 14 19 99 8 72 90 80 55 41 46 62 52 69 90 52 22 10 39 66 68 64 76 4 49
98 44 13 32 29 30 8 41 7 3 70 36 81 83 62 19 89 36 68 38 4 2 77 2 32 56 40 97 85 56 64 56 19 24 3 0 1 6 24 14 52 71 53 68 93 77 29 40 22 81 29 84 6 72 66 0 62 31 29 22 0 57 30 85 74 20 8 98 85 49 59 67 98 48 1 2 12 69 32 50 63 90 8 50 13 73 73 23 72 61 33 82 4 80 97 81 87 17 37 22
46 26 1 26 0 5 28 46 49 64 29 71 88 31 52 98 50 29 59 45 9 88 88 35 63 47 48 6 26 29 75 34 52 75 8 33 3 60 60 22 42 9 9 98 83 23 10 49 40 73 23 82 26 22 37 68 44 33 35 66 72 34 83 4 82 32 17 83 64 96 64 60 94 12 71 23 8 47 59 51 83 35 18 34 14 1 73 70 48 41 83 74 20 70 55 49 26 93 31 10
72 20 73 6 20 61 38 34 80 58 83 98 56 82 14 64 6 99 0 91 25 69 86 28 56 53 26 83 12 96 58 46 0 54 61 51 19 54 65 26 76 48 30 71 44 31 1 64 18 28 92 3 11 50 19 56 75 71 39 4 78 25 52 52 33 53 94 44 3 49 32 86 25 18 79 83 37 69 46 65 54 94 45 48 17 54 2 9 40 43 7 33 38 46 0 33 47 3 69 80
82 47 95 93 88 33 91 44 39 99 71 54 81 69 58 69 89 71 80 48 65 89 48 49 12 45 77 17 91 13 60 65 15 80 15 6 15 47 20 2 21 86 77 82 72 90 18 32 96 29 75 97 21 62 87 69 38 44 77 78 75 28 24 90 5 33 19 28 82 98 13 34 73 71 67 86 31 12 89 46 29 19 95 72 91 91 76 98 75 17 91 97 98 20 14 12 0 19 43 96
23 31 61 80 73 84 87 25 44 13 42 42 43 76 60 74 17 32 90 42 93 26 55 98 94 44 89 44 83 37 2 27 57 32 77 67 23 54 57 83 29 95 1 16 79 91 60 34 99 60 45 8 1 17 97 41 10 24 86 76 79 69 23 40 96 16 26 18 4 18 59 58 55 35 8 43 42 55 56 7 49 58 95 86 83 8 18 89 60 5 14 17 32 2 51 47 35 75 71 87
83 65 93 32 92 1 24 8 17 71 66 83 17 35 40 95 3 88 20 44 24 71 91 67 77 93 88 83 41 45 34 36 89 68 51 32 63 57 35 30 72 46 55 39 50 63 56 98 36 62 38 70 31 49 32 19 98 35 16 2 80 43 80 52 70 18 73 71 67 36 37 24 93 55 38 63 10 51 18 13 74 63 42 90 33 99 43 54 89 65 45 37 1 96 75 66 61 94 1 8
18 56 7 61 69 35 42 73 73 69 5 25 97 37 20 29 66 18 49 2 3 34 84 43 50 53 88 4 6 17 74 79 58 37 30 5 18 34 16 85 84 29 17 65 62 87 81 63 86 96 74 41 84 45 4 75 79 2 98 66 33 19 21 67 56 24 38 2 89 28 36 54 85 3 33 0 79 11 65 88 67 6 19 67 42 87 23 85 81 29 99 57 89 43 75 98 57 75 98 53
30 18 71 11 32 83 7 17 8 80 19 74 19 80 86 26 15 31 54 74 36 5 90 75 84 47 50 74 98 72 20 26 95 81 54 42 50 51 11 81 30 21 64 83 88 48 3 74 24 14 22 32 46 20 35 66 76 16 74 33 41 29 60 54 28 63 16 57 81 30 63 42 38 7 73 90 19 97 52 2 32 75 49 78 66 4 88 55 1 84 68 42 94 99 19 86 87 49 53 25
25 52 63 52 23 35 97 41 65 83 14 13 94 79 64 79 43 78 35 81 70 63 51 75 92 83 45 47 1 29 54 32 53 82 43 57 16 59 75 91 14 41 21 90 60 20 18 88 27 77 62 68 98 26 44 34 90 49 90 9 3 48 97 87 79 20 68 60 36 43 93 45 24 9 93 82 26 55 47 28 28 85 37 64 89 46 61 37 86 48 4 44 25 98 99 47 0 25 47 17
2 49 47 12 10 44 99 0 71 91 52 9 22 55 86 39 68 35 49 21 67 22 24 20 63 95 21 18 53 95 18 36 73 60 27 23 94 22 14 75 89 52 50 18 67 20 5 40 41 21 45 40 39 82 42 78 82 21 48 95 21 73 2 66 68 74 1 66 17 17 69 82 40 1 79 6 40 49 19 4 50 95 8 37 54 75 20 32 11 87 11 83 62 59 64 60 75 78 94 72
36 69 64 14 30 0 91 5 36 77 83 17 37 9 92 40 83 97 40 50 10 88 5 50 8 99 69 56 6 10 28 23 64 33 61 33 96 77 11 90 45 69 89 85 80 38 90 79 65 2 15 27 95 98 38 79 70 9 78 14 33 89 65 39 10 17 44 43 10 8 43 9 90 20 58 21 54 14 20 71 96 85 19 64 20 8 81 25 53 50 90 49 2 67 11 62 18 49 34 76
3 70 62 44 96 43 27 16 55 82 24 56 40 38 72 4 40 44 63 50 33 2 61 91 58 9 6 3 53 21 27 50 1 45 64 53 84 16 28 93 59 23 89 95 10 86 36 81 12 48 21 16 58 62 72 45 78 22 22 12 52 3 96 67 53 66 48 35 60 98 28 20 45 64 92 29 9 59 14 94 35 63 36 13 6 4 62 89 25 31 44 0 22 0 72 51 45 88 49 92
24 37 76 19 91 39 89 27 9 9 88 54 89 81 42 62 5 92 6 32 99 7 90 38 19 18 2 60 23 34 21 47 40 35 98 86 42 25 89 48 10 89 10 77 16 43 96 94 65 85 37 17 79 71 18 25 43 8 44 33 59 97 87 89 17 88 97 68 92 66 28 95 4 46 21 55 12 0 64 22 2 97 14 47 71 35 45 27 63 48 15 94 96 91 76 18 65 57 14 97
56 30 68 7 55 50 4 66 67 14 99 20 20 37 51 26 60 10 7 51 82 98 17 69 56 5 65 53 45 84 38 20 19 59 46 57 2 23 88 34 74 57 8 59 63 71 30 0 32 91 52 49 33 66 6 62 75 57 70 72 45 78 55 54 49 60 41 37 93 88 6 32 28 65 21 63 47 12 36 66 54 56 43 11 70 25 98 67 30 36 43 93 76 84 4 42 90 99 12 78
82 35 96 41 76 28 50 84 58 23 37 58 25 46 72 44 99 10 26 87 98 46 32 68 79 67 15 38 43 32 31 69 68 66 36 29 80 81 88 57 94 34 98 10 51 28 29 50 76 97 78 18 87 70 2 90 27 66 79 86 61 22 18 88 80 28 16 32 24 86 82 36 20 93 36 21 79 4 24 54 8 6 1 5 3 92 96 87 77 48 37 23 61 90 89 83 27 79 93 75
58 82 58 19 93 71 11 54 59 4 56 94 8 49 6 31 12 98 30 65 45 76 91 28 69 51 29 70 79 18 13 33 79 96 18 48 30 45 17 1 24 14 99 0 78 6 71 15 4 33 0 16 0 99 30 88 27 15 48 12 77 7 47 15 98 81 19 69 41 93 47 9 86 32 83 34 75 88 87 66 13 6 60 47 56 4 89 71 13 76 82 29 50 24 90 97 26 26 11 7
60 16 94 9 12 43 70 58 64 45 40 34 87 80 35 19 1 89 28 79 61 83 18 61 18 50 68 58 81 3 91 32 91 24 73 91 63 37 66 62 95 56 0 32 90 92 14 42 95 42 19 67 99 86 7 68 55 31 50 98 0 91 31 34 32 96 4 39 19 46 30 70 1 94 83 88 62 36 89 74 30 4 15 48 82 29 62 88 35 5 7 22 10 65 61 33 10 49 78 14
